-49 78 72 83 114 13 -112 -5 106 32 -21 -73 26 -43 -24 -45 -33 114 -63 25 80 -84 87 -65 3 -26 73 51 51 36 -116 -24 23 7 114 114 -119 -45 -90 -27 -17 -93 58 94 78 -9 99 -26 -19 51 192 8 54 11 94 101 -120 -75 1111 -69 -22 89 18 75 -73 65 107 6 -77 -88 -81 27 58 -58
-43 57 -11 51 -4 88 -86 106 -60 -7 77 86 -1 -92 -116 87 76 -93 -30 -25 91 82 -80 12 109

-62 33 69 20 -75 109 -73 101 -6 86 75 51 5 111 -76 -94 -37 -104 -38 -23 16 91 -107 -6 -61 -36 -92 44 -47 -19 49 - 76 69 -101 -43 -27 -51 -59 -21 -123 65 22 -25 108 104 95 -43 -51 -49 23 -122 -36 -19 -79 -51 98 96 -21 -69 54 -59 49 13.52 -16 -3 -13 -105 81 -16
3277 -89 -88 -80 -34 -61 10 -103 39 36 112 5 46 -64 -69 25 -64 -98 98 -40 -18 15 35 106 -108 119 -79 79 48

-99 -59 -119 -29 -23 -36 -22 71 93 -107 -28 44 39 -2 9 -105 97-82 70 65 12-7 -27 108 -102 -94 -116 24 -108 -73 68 366 -57 -43 -115 4 69 -96 -59 -14 99995 -69 -19 -39 -59 -17 43 70 -61 -76 5 16 65 -19 -36 -39 62 64 -36 36 49 -119 48 -113 82 -123 -33 -2
-8 55 -48 -100 -31 -122 -60 7-80 -61 -75 -16 -16 91 76 89 109 -123 48 56 32 49 -73 -88 -77 41 -32 109

3-6 157 58 -110 24 57 92 106 -20 13-49 -56 -15 114 -39 -72 9 106 36 -118 96 62 -76 100 -109 60 -65 63 55 -117 -7 3567 58 33 20 -27 48 -76 -72 -58 -93 63 65 32 -78 -106 110 -68 76 -63 90 -68 -2 11 12 106 -75 36 -103 70 62 96-88 93-32 93 35 -19 106 92-110 78
55 -27 80 74-44 21 106 68 -86 -71 111 -100 -36 -32 112 13 -18 15 59 -64 -77 -118 -79 -38 63

85 63 -14 -100 68 -11 -52 -86 -59 77 -49 -50 21 60 30 62 -28 -7 104 91 39 83 50 36 6 111 -69 109 -21 -119 19 -72 34 5 -101 55 -9 -38 70 -32 -74 58 -13 -89 86 -114 -59 31 -96 -73 92 -41 -56 52 -96 -73 -19 26 -18 -82 -122 92 -51 -13 69 6 -113 16 39 -44 62 43 39 44
-21 102 68 76 66 35 67 63 —7 22 106 36 14-9 -81 -49 92 32 98 -66 1 61 -66 -52 -48 -22

67 -81 120 37629 -5 713 1 -24 46 15 -7 2 -29 1 14 104 94 110 -93 105 28 42 -6 75 92 29 -7 -107 -25 -52 41 38 -23 96-91 -44 -105 -115 96 -92 64 28 -29 101 -99 -77 109 56 -16 -14 35 108 47 -109 102 65 108 -18 -81 09 89 27 -27 113 -110 -14 14 -54 -66 -100 -92
-10 -104 -79 -19 31 42 34 -105 39 -122 88 79 39 109 344947 39 36 -62 -87 -57 -102 -в9

-316 -97 62 39 81 -94 -3 34 -60 -4 -119 -122 -109 27 -83 62 -34 -38 -102 85 85 -120 -95 5 -120 67 20 -88 -64 -68 -7 33 66 -32 82 -3 -13 87 750 10 -31 -88 60 -33 -92 8 -3 -26 -117 -48 19 75 -63 99-90 -22 -58 62 -97 59 75 -80 -15 -7 58 87 7 -79 211 -72 20 -16
-48 1 -107 -87 -92 22 -87 76 -73 89 196 40 80 38 -11 -53 73 -111 14 -35 19 311 63 44 28

-13 104 93 -103 8 64 -108 89 73 62 96 26 62 71 -16 -74 72 -47 102 -76 -65 24 -80 -32 84 -43 -106 85 -23 77-2 -45 -91 - 99 60 -48 67 -86 -64 -35 58 91 -117 -115 42 7 79 -108 -31 1 -101 -108 70 34 -117 41 -2 37 -67 61 61 67 -66 29 22 -19 -40 -120 67 56 -55 15 64
-45 -24 184 -66 8 -22 -102 -61 -95 29 -40 72 -87 -67 -91 4 71 -11 -11 23 54 14-95 87 73-09

34-94 111 -47 56 28 -42 88 64-44 -41 64 43 4 32 -69 -38 43 -10 39 57 68 -34 91 -4 60 -10 -66 -4 16 -16 -109 71 -92 -88 -26 -122 -61 90 -51 -105 38 -64 -21 -50 -121 49 -102 35 87 67 13572 -119 64 -89 -3 57 -57 -70 -92 94 25 -113 - 111 -46 52 58 109 -54 109 85
-27 -90 -59 -51 -87 -19 67 89 92 &4 -59 26 -77 32 32 76 -93 -55 76 19 48 34 -38 -34 5 42 97

-2 -29 95 54 -52 52 104-98 -1 -122 45 45 -23 -21 -111 109 -48 -69 46 88 -51 -72 96 -16 50 114 -17 -19 -109 90 68 - 71 60 -6 -86 92 -120 -4 8 -36 -14 56 -9 -88 21 -8 -44 45 95-40 77 -70 12 -49 102 -99 92 -71 -109 81 40 -55 37 - 104 -17 -117 -91 91 -5 61 -49 717
-47 97 -46 -122 49 -10 -30 -95 51 42-34 -45 10 13-17 -86 16 1-98 -37 - 12-26-59 -9 114 -47 13

-89 -2 -22 -89 -98 103 62 -83 26 -96 -47 89 77 -105 47 77 40 13 -110 36 106 66 31 94 19 -51 89 -106 -55 50 66 113 -38 -77 - 28 -93 -46 112 21 104 -4 -121 37 99 5 -87 24 105 35 92 -78 59 86 -114 -48 78 -5 -118 -83
-122 1 -41 43 114918 -59 49 -4 -36 -76 52 104 -87 -94 -74 79 75 -26 109 84 95 -103 -69 -25 47 - 54

-27 -10 55 -10 -95 -118 28 23 99 -78 -78 -63 -45 23 -42 92 -42 95 -92 33 -112 85 -116 -61 -58 123-98 93 -106 - 119 62 79 -81 50 110 64 25 45 -22 84 42 -63 -62 -37 41 -84 -47 30 -24 -68 -74 -197 36 78 -48 -67 -68 111 -41 81 78 -68 27 35-3 -1 12-58 -70 47 119
35 -42 103 -45 -34 30 -8 17 -43 -11 66 114-118 -30 91 -13 -91 -75 -79 1 -59 16 97 87 -85 66 29 -6 56

-89 -111 -54 38 -101 -78 -9 -29 14 -43 6 -118 114 -42 -56 111 -35 164-37 -31 107 -53 -115 -91 84 18 99 33 -39 - 21 79 13-1 -6 39 -66 0 -24 104 -109 -20 30 50 52 -106 33 -106 -42 72 -78 -70 37 -93 50 -50 -42 35 -6 596 -112 -103 68 46 14 73 -122 66 -93 -39 62


4-48 -45 -60 62 -50 -117 28 29 -30 61 -13 -108
